55	9
93	9
133	9
135	9
149	9
159	9
166	15
177	9
188	9
199	9
201	9
217	9
236	15
297	9
307	9
313	9
341	9
353	9
358	9
364	9
381	187
424	9
440	9
455	9
490	9
565	15
578	187
606	9
648	9
665	15
667	9
718	15
742	187
744	9
781	9
793	9
817	15
864	15
881	15
883	15
902	9
903	187
935	9
941	15
1000	9
1020	15
1057	9
1085	9
1088	9
1136	187
1156	9
1160	9
1161	9
1196	9
1253	15
1261	15
1307	15
1424	9
1431	9
1466	9
1484	9
1521	9
1570	15
1593	9
1618	187
1637	9
1677	9
1685	9
1706	187
1718	9
1727	9
1737	15
1757	9
1795	9
1863	187
1878	187
1938	9
1948	15
2004	9
2006	9
2034	9
2054	9
2081	187
2092	9
2109	9
2139	9
2186	9
2217	9
2226	9
2239	9
2242	9
2243	187
2262	9
2291	9
2297	9
2311	9
2314	9
2349	9
2361	9
2366	9
2368	9
2369	9
2375	9
2376	9
2384	9
2438	9
2457	15
2458	9
2476	9
2496	9
2498	15
2508	9
2560	9
2620	9
2629	15
2642	9
2651	15
2668	187
2718	187
2721	15
2729	187
2740	9
2743	9
2748	15
2770	9
2772	9
2800	9
2811	15
2853	9
2865	9
2868	9
2916	9
2917	15
2950	9
2964	9
2966	9
2980	9
2987	9
3026	9
3043	187
3052	9
3065	9
3077	15
3088	9
3093	9
3095	9
3200	9
3206	15
3244	9
3267	9
3276	9
3285	187
3286	15
3305	9
3332	9
3372	9
3401	9
3425	9
3461	9
3493	9
3501	9
3505	9
3511	9
3518	9
3531	9
3542	9
3579	9
3585	9
3612	9
3614	15
3638	15
3641	9
3747	15
3755	187
3780	9
3797	9
3811	9
3827	15
3842	9
3858	9
3898	15
3902	9
3903	187
3919	187
3927	9
3928	9
3936	9
3965	15
3975	15
3982	9
4000	9
4011	9
4044	9
4084	9
4110	9
4111	9
4134	9
4136	9
4139	15
4224	15
4262	9
4291	9
4299	15
4317	9
4328	15
4336	15
4352	9
4357	9
4383	9
4436	9
4447	9
4482	9
4502	9
4574	9
4603	15
4660	9
4707	9
4726	9
4753	9
4772	15
4816	15
4827	9
4842	9
4860	15
4881	187
4891	9
4893	9
4907	9
4915	15
4952	9
4960	9
4998	15
5006	9
5008	9
5028	9
5034	9
5056	9
5139	9
5140	187
5152	15
5184	187
5198	9
5199	9
5203	9
5209	9
5241	15
5290	9
5340	9
5355	9
5372	9
5469	15
5599	9
5601	9
5611	187
5612	9
5616	187
5660	9
5665	9
5667	187
5686	187
5716	9
5730	9
5815	15
5843	9
5856	9
5890	9
5900	9
5915	9
5947	9
6010	9
6017	9
6036	9
6043	15
6051	9
6069	9
6091	187
6094	9
6095	9
6159	187
6208	9
6211	15
6272	9
6304	187
6323	9
6329	9
6353	9
6369	15
6370	9
6386	9
6403	187
6413	9
6424	9
6459	187
6473	15
6496	9
6498	9
6504	15
6510	9
6511	187
6519	9
6523	9
6551	15
6577	15
6585	9
6601	187
6603	9
6614	9
6650	9
6660	9
6676	9
6708	9
6734	9
6759	9
6803	9
6818	15
6837	9
6840	15
6844	9
6879	9
6886	9
6902	9
6918	9
6930	9
6935	187
6955	9
7002	9
7043	9
7052	15
7065	9
7094	15
7120	9
7153	15
7175	15
7194	15
7217	9
7253	15
7260	9
7261	9
7277	9
7292	9
7337	9
7391	9
7395	15
7415	9
7417	9
7447	9
7448	9
7464	9
7483	9
7497	15
7513	9
7554	15
7559	9
7586	9
7588	9
7617	9
7620	9
7632	9
7685	9
7711	187
7723	187
7739	9
7767	9
7795	9
7796	9
7809	15
7822	9
7901	9
7953	9
7965	9
7974	9
8009	9
8018	15
8027	15
8042	15
8045	9
8046	9
8059	9
8072	9
8079	9
8084	9
8117	15
8148	15
8180	9
8244	9
8300	9
8313	9
8316	15
8335	15
8339	9
8373	9
8378	9
8386	9
8400	9
8426	15
8431	15
8448	187
8511	9
8547	9
8570	9
8592	9
8600	15
8637	15
8648	9
8652	9
8673	187
8675	15
8706	9
8739	9
8752	9
8765	187
8816	9
8830	9
8836	9
8867	187
8869	9
8870	9
8949	9
8957	15
8973	9
8976	9
8987	15
8990	9
9003	9
9004	9
9077	9
9081	15
9108	15
9150	15
9160	9
9176	187
9197	9
9203	187
9213	187
9228	9
9229	9
9238	9
9249	15
9257	9
9288	15
9309	9
9412	15
9420	15
9424	9
9441	15
9442	9
9472	9
9482	15
9534	9
9540	15
9589	187
9599	187
9633	15
9635	9
9646	9
9653	15
9681	15
9709	9
9719	9
9722	9
9727	9
9787	187
9813	9
9882	9
9885	15
9890	9
9902	9
9948	9
9977	9
9995	9
10015	9
10027	15
10035	15
10049	15
10067	9
10089	15
10127	15
10178	9
10184	9
10197	15
10202	9
10207	187
10243	9
10244	9
10268	9
10272	9
10319	9
10346	9
10354	9
10360	9
10368	9
10369	9
10385	9
10453	9
10457	187
10469	15
10489	9
10502	9
10541	9
10572	15
10584	9
10607	9
10628	9
10651	9
10653	9
10691	9
10692	9
10715	15
10736	9
10738	9
10740	9
10776	9
10802	187
10822	9
10879	9
10914	9
10930	9
10931	9
10934	9
10948	187
10957	187
10987	9
10988	15
11034	9
11067	9
11100	9
11124	15
11139	9
11156	9
11185	9
11188	15
11214	15
11220	9
11237	9
11265	9
11267	9
11279	9
11284	15
11289	9
11295	9
11317	9
11328	9
11371	187
11444	9
11474	9
11486	9
11515	9
11665	9
11676	9
11680	9
11707	9
11710	9
11737	9
11785	9
11805	9
11847	15
11858	9
11903	9
11907	9
11913	15
11923	9
11925	9
11940	9
11946	187
11966	9
11992	15
12028	15
12042	187
12048	9
12077	187
12085	9
12091	9
12092	9
12095	9
12100	15
12152	9
12170	187
12188	9
12198	187
12203	15
12210	9
12223	9
12254	9
12267	15
12297	9
12350	9
12368	9
12383	9
12412	9
12425	9
12428	9
12478	9
12538	9
12548	15
12556	9
12562	9
12574	15
12586	9
12596	9
12623	9
12703	9
12728	9
12744	9
12772	9
12780	15
12805	15
12816	9
12819	15
12875	9
12880	9
12939	9
12953	9
12955	9
12956	15
12958	15
12960	9
13010	15
13025	9
13043	9
13063	9
13067	9
13071	187
13091	9
13102	9
13197	15
13209	9
13247	9
13260	9
13299	9
13327	9
13337	187
13361	9
13365	9
13407	9
13439	9
13462	9
13475	187
13483	9
13572	187
13597	187
13604	9
13609	9
13672	9
13690	15
13756	9
13781	15
13790	9
13794	9
13799	187
13837	187
13845	9
13856	9
13865	15
13887	9
13903	9
13913	9
13920	9
13941	15
13945	9
13973	187
13979	9
13980	15
13989	9
14015	9
14051	9
14058	9
14096	9
14140	9
14189	15
14243	9
14253	9
14256	9
14285	9
14401	9
14413	9
14473	9
14489	9
14515	9
14532	187
14535	187
14548	9
14569	187
14580	9
14590	9
14646	9
14670	9
14709	9
14715	9
14772	9
14790	9
14797	15
14814	9
14820	9
14821	15
14832	9
14853	9
14913	9
14958	9
14966	15
14971	9
15033	9
15066	9
15068	15
15074	15
15085	9
15111	9
15114	9
15118	9
15122	9
15123	15
15132	9
15135	9
15138	9
15153	9
15169	15
15180	15
15206	9
15282	9
15305	9
15310	9
15327	15
15336	187
15358	9
15388	15
15396	15
15418	9
15422	9
15458	9
15465	15
15477	9
15489	9
15542	9
15546	9
15561	9
15585	9
15608	9
15636	15
15639	9
15642	15
15677	9
15688	15
15693	9
15700	9
15708	15
15727	9
15763	187
15786	9
15800	9
15827	9
15841	9
15944	9
15948	9
15964	9
15976	9
15987	15
16042	9
16095	9
16109	9
16114	9
16128	9
16141	9
16146	9
16152	9
16186	9
16192	187
16202	9
16262	9
16266	9
16293	9
16343	9
16350	15
16352	9
16402	187
16455	9
16500	9
16513	15
16535	9
16539	9
16549	187
16606	9
16637	9
16646	15
16652	15
16656	9
16717	9
16762	15
16764	15
16776	9
16795	9
16804	9
16810	187
16815	15
16828	9
16901	9
16939	9
16995	9
16998	187
17028	187
17034	9
17040	9
17069	187
17071	9
17085	15
17112	15
17116	9
17133	9
17143	15
17159	187
17195	9
17216	9
17221	9
17223	9
17238	15
17245	9
17257	9
17298	15
17320	9
17345	9
17403	9
17423	187
17427	9
17453	9
17493	9
17498	9
17501	9
17510	9
17512	15
17539	9
17611	15
17617	187
17620	9
17638	9
17647	9
17657	9
17670	15
17698	9
17790	9
17811	15
17827	15
17855	9
17874	187
17876	9
17881	9
17883	9
17894	9
17895	9
17909	15
17916	9
17919	9
17936	9
17941	9
18004	9
18020	9
18039	15
18050	15
18072	15
18098	9
18139	15
18152	187
18160	9
18167	187
18194	187
18195	9
18196	15
18276	9
18281	15
18297	15
18332	9
18352	9
18371	187
18382	9
18387	9
18396	15
18410	9
18507	15
18511	9
18547	9
18610	9
18696	15
18697	9
18722	9
18767	15
18787	15
18825	9
18830	9
18870	9
18946	187
18949	15
18987	9
19024	187
19036	9
19066	9
19083	9
19108	9
19143	9
19155	15
19180	9
19183	187
19186	9
19198	9
19205	9
19231	9
19269	9
19270	9
19327	9
19334	15
19345	15
19349	9
19359	9
19390	9
19482	9
19496	9
19520	9
19525	187
19526	9
19577	15
19595	9
19606	9
19658	15
19724	9
19725	9
19799	9
19810	9
19823	9
19850	9
19915	9
19922	15
19931	15
19944	15
19988	187
20007	9
20017	9
20081	9
20129	15
20178	15
20256	9
20271	9
20274	9
20278	9
20280	9
20331	187
20348	187
20359	9
20380	9
20400	9
20402	187
20409	15
20438	9
20444	15
20479	15
20491	9
20507	15
20511	9
20566	15
20579	9
20592	15
20593	15
20597	9
20608	9
59	65
60	65
67	65
75	65
103	65
142	65
165	65
190	59
195	65
204	65
206	65
207	65
218	65
222	65
263	65
265	65
266	65
267	65
268	65
286	59
321	59
334	65
344	59
408	65
423	59
444	65
467	65
542	65
561	65
571	59
613	59
666	65
674	65
676	65
680	59
691	59
729	65
732	59
765	59
770	59
792	65
819	59
848	65
869	65
870	65
921	65
922	65
936	65
943	59
948	65
983	65
1007	65
1008	65
1032	65
1059	65
1130	65
1158	65
1186	59
1204	65
1205	65
1212	59
1233	59
1248	65
1249	65
1273	59
1282	65
1324	65
1333	59
1346	65
1351	65
1384	65
1390	65
1392	65
1394	65
1396	65
1407	65
1421	65
1442	65
1450	59
1478	65
1481	59
1485	65
1499	59
1524	65
1533	65
1539	59
1550	65
1556	65
1562	65
1583	65
1585	59
1605	65
1644	65
1652	59
1662	59
1681	65
1720	65
1735	59
1749	65
1750	65
1754	65
1773	65
1789	65
1832	65
1844	59
1866	65
1895	65
1899	65
1971	59
1975	65
2016	59
2020	59
2035	65
2078	65
2125	65
2138	65
2147	65
2175	59
2179	65
2206	65
2250	65
2273	65
2283	59
2313	59
2324	65
2340	59
2356	65
2391	65
2401	65
2428	65
2433	65
2455	65
2500	59
2540	65
2559	59
2571	65
2574	65
2587	65
2622	59
2630	65
2677	65
2691	65
2697	65
2734	65
2759	59
2794	59
2812	65
2856	65
2889	65
2908	65
2912	65
2920	59
2924	59
2935	59
2941	65
2949	59
2960	65
2969	65
2986	59
2992	59
3001	59
3017	65
3038	65
3076	59
3086	65
3113	65
3116	59
3147	65
3149	65
3157	59
3194	65
3213	65
3238	65
3241	59
3252	65
3275	65
3310	65
3334	65
3380	65
3383	65
3389	59
3426	59
3433	65
3442	59
3468	59
3485	65
3487	65
3532	65
3546	65
3599	65
3608	65
3610	65
3616	65
3662	65
3671	65
3680	65
3682	65
3688	59
3692	65
3705	65
3708	65
3726	59
3728	59
3739	59
3772	65
3789	65
3821	65
3825	65
3841	65
3852	65
3854	65
3875	65
3876	59
3879	65
3910	65
3920	65
3933	59
3939	65
3953	65
3962	59
4038	59
4047	59
4083	59
4085	65
4088	59
4090	59
4095	59
4109	65
4120	65
4122	59
4133	65
4159	65
4184	65
4192	65
4222	65
4234	65
4251	65
4252	65
4254	59
4275	59
4309	65
4356	59
4380	65
4401	65
4406	65
4442	65
4454	65
4511	59
4561	65
4576	59
4589	65
4608	65
4611	65
4613	59
4620	65
4632	65
4641	65
4643	65
4645	65
4662	65
4673	65
4740	65
4764	65
4780	65
4783	65
4801	65
4851	65
4863	65
4864	65
4865	59
4874	65
4918	65
4955	65
4963	59
4997	59
5046	65
5048	59
5058	65
5069	65
5090	59
5104	65
5125	65
5160	65
5163	65
5172	65
5194	65
5243	65
5265	65
5276	65
5286	65
5343	59
5349	65
5373	65
5389	65
5408	59
5416	59
5444	65
5448	65
5455	65
5485	65
5501	59
5509	65
5514	59
5603	65
5624	65
5637	59
5650	59
5693	65
5759	65
5771	65
5776	59
5811	59
5836	65
5846	59
5859	65
5899	65
5908	65
5965	65
5968	65
6116	65
6120	65
6134	65
6165	65
6184	65
6235	65
6248	65
6267	59
6286	65
6288	59
6291	59
6331	65
6332	59
6361	65
6364	65
6365	59
6408	65
6412	65
6425	59
6444	65
6450	65
6457	65
6465	65
6469	59
6471	65
6476	65
6499	59
6509	65
6533	65
6536	59
6539	65
6550	59
6557	65
6580	65
6584	65
6592	65
6605	65
6636	65
6642	59
6658	65
6661	59
6710	65
6737	65
6756	65
6762	65
6763	65
6768	65
6771	59
6793	65
6804	65
6807	59
6812	65
6813	65
6845	65
6897	65
6910	65
6924	65
6927	59
6968	59
6985	65
7021	65
7023	65
7024	65
7035	65
7044	65
7096	65
7125	65
7179	65
7191	65
7214	65
7223	65
7234	65
7251	65
7256	65
7262	65
7269	65
7294	65
7321	65
7379	65
7383	65
7422	65
7434	65
7439	59
7445	59
7450	65
7453	65
7465	59
7522	65
7526	59
7533	59
7567	65
7576	65
7595	65
7609	65
7615	65
7627	65
7646	59
7647	59
7657	65
7674	65
7681	65
7699	65
7728	65
7735	65
7776	65
7782	65
7784	65
7843	59
7885	59
7897	65
7906	65
7912	59
7927	65
7946	65
7949	59
7989	59
8004	65
8012	65
8020	65
8083	59
8089	65
8122	59
8143	59
8179	59
8185	59
8239	65
8242	65
8245	65
8248	65
8271	65
8275	65
8276	65
8281	65
8307	65
8324	65
8338	65
8347	59
8349	65
8361	59
8367	59
8369	59
8434	59
8438	65
8475	65
8479	59
8480	65
8497	65
8498	65
8499	65
8501	65
8516	59
8533	65
8544	65
8545	65
8546	59
8565	65
8593	65
8598	65
8609	59
8616	65
8620	59
8633	65
8669	59
8690	65
8692	65
8723	65
8727	65
8799	59
8817	65
8821	65
8878	65
8879	65
8883	65
8900	65
8909	65
8980	65
8988	65
9001	59
9030	65
9044	65
9047	59
9111	65
9124	65
9136	65
9140	65
9164	59
9173	65
9177	59
9187	65
9194	65
9224	65
9227	65
9247	59
9258	65
9259	65
9279	59
9295	59
9298	65
9310	65
9320	65
9400	65
9408	65
9409	65
9435	65
9440	65
9452	65
9485	65
9493	65
9527	65
9548	65
9568	65
9569	59
9607	65
9622	59
9624	65
9643	65
9652	59
9703	65
9747	65
9785	65
9803	65
9852	65
9878	59
9930	59
9968	65
9990	59
10016	59
10028	65
10029	65
10048	65
10057	65
10073	65
10112	65
10117	59
10134	65
10155	65
10158	59
10190	65
10201	59
10226	65
10249	65
10283	65
10330	65
10394	65
10395	65
10411	65
10439	59
10470	59
10477	59
10498	65
10506	65
10518	59
10526	59
10575	65
10596	65
10649	59
10688	65
10732	65
10744	65
10746	65
10808	59
10827	65
10829	65
10834	59
10884	65
10896	65
10940	65
10961	65
10991	59
11001	65
11003	59
11017	65
11021	59
11028	59
11038	59
11069	65
11079	65
11110	59
11116	59
11119	65
11129	59
11160	65
11211	65
11286	65
11296	59
11309	59
11325	65
11342	65
11353	65
11375	65
11428	59
11456	59
11497	65
11498	65
11512	65
11563	59
11589	65
11660	65
11681	65
11684	65
11694	65
11708	59
11718	59
11733	59
11764	59
11770	65
11775	59
11812	65
11828	65
11910	59
11912	65
11927	65
11937	65
11970	65
11976	65
12019	59
12049	65
12060	65
12065	65
12076	65
12082	65
12101	65
12103	65
12171	65
12181	65
12212	59
12225	65
12241	59
12278	65
12279	65
12286	59
12324	59
12373	59
12392	65
12406	65
12410	65
12429	65
12441	65
12462	65
12491	65
12496	65
12514	65
12523	65
12655	59
12665	65
12726	59
12759	65
12806	59
12813	59
12830	65
12841	65
12906	59
12920	65
12936	59
12946	65
12965	65
12970	65
12974	65
12983	65
13028	65
13050	65
13139	65
13143	65
13149	65
13159	65
13166	65
13224	59
13250	59
13257	59
13279	59
13324	65
13344	65
13372	59
13375	65
13382	59
13410	65
13427	65
13440	65
13472	65
13473	65
13520	65
13552	59
13589	65
13596	65
13627	65
13632	59
13668	65
13673	59
13689	59
13703	59
13709	59
13710	59
13722	65
13738	65
13743	59
13770	65
13783	59
13838	59
13851	65
13897	65
13923	65
13951	59
13956	65
13993	65
13999	59
14001	65
14002	65
14022	65
14071	65
14092	59
14110	59
14149	59
14172	65
14187	59
14188	65
14222	65
14226	65
14235	65
14267	65
14289	65
14301	65
14308	65
14359	59
14370	65
14374	65
14425	65
14439	65
14447	59
14467	59
14476	65
14480	65
14506	59
14513	65
14545	59
14546	65
14554	65
14560	65
14582	65
14605	59
14621	65
14625	65
14649	59
14655	59
14658	59
14698	65
14717	59
14744	65
14746	59
14770	59
14779	65
14827	65
14856	65
14867	59
14871	65
14898	65
14911	59
14931	65
14937	59
14990	65
15014	65
15117	65
15173	59
15194	65
15196	59
15237	65
15267	59
15297	59
15311	59
15314	65
15321	65
15325	65
15338	59
15380	59
15408	65
15411	65
15416	65
15419	65
15441	59
15462	65
15493	65
15498	59
15516	65
15523	65
15528	65
15529	59
15537	59
15563	65
15599	59
15604	59
15611	65
15620	59
15665	65
15689	65
15706	59
15765	59
15779	65
15787	65
15821	59
15900	65
15939	65
15947	65
15953	65
15955	65
15978	59
16004	65
16018	65
16028	65
16057	65
16076	65
16087	65
16133	59
16143	65
16191	65
16196	65
16200	65
16218	65
16257	65
16270	65
16276	65
16277	65
16283	65
16296	65
16323	65
16327	65
16370	65
16376	65
16397	65
16401	59
16403	65
16408	65
16410	65
16446	65
16491	65
16492	65
16524	59
16536	59
16550	65
16567	59
16570	59
16572	65
16579	59
16580	59
16616	65
16638	65
16647	59
16648	59
16687	65
16699	65
16763	65
16769	59
16823	65
16837	65
16862	65
16888	65
16904	65
16912	59
16922	65
16949	65
16967	65
16971	65
16975	65
17010	59
17047	65
17064	65
17093	65
17100	59
17101	59
17104	65
17125	65
17130	65
17135	65
17152	65
17187	59
17192	59
17200	59
17210	65
17265	65
17274	59
17278	65
17282	65
17296	65
17334	59
17352	59
17365	59
17371	65
17375	59
17393	65
17394	59
17407	65
17408	65
17416	65
17420	65
17431	65
17483	65
17509	65
17518	59
17567	65
17577	65
17581	59
17586	59
17622	65
17625	65
17659	59
17696	65
17700	59
17731	65
17779	65
17812	65
17817	65
17831	65
17846	59
17869	65
17930	65
17931	65
17934	59
17975	59
17979	59
17982	65
18015	65
18062	65
18074	59
18075	65
18085	65
18141	59
18144	65
18158	65
18166	65
18175	65
18180	65
18198	59
18215	65
18233	65
18237	65
18272	65
18306	59
18308	65
18334	59
18345	65
18359	65
18368	59
18373	65
18381	65
18392	59
18399	65
18402	65
18419	65
18449	65
18451	65
18466	59
18502	59
18521	65
18543	65
18570	65
18577	65
18626	59
18641	65
18644	65
18670	65
18671	59
18678	65
18702	65
18738	59
18753	65
18765	65
18768	59
18771	59
18774	59
18802	59
18824	59
18917	65
18968	65
18983	65
18990	65
19000	59
19009	65
19011	65
19021	59
19045	65
19076	65
19094	59
19115	59
19127	65
19164	59
19172	59
19191	65
19209	59
19223	65
19230	65
19265	59
19296	59
19310	65
19318	65
19333	59
19337	59
19347	59
19354	59
19400	65
19423	59
19430	65
19445	59
19455	59
19501	65
19503	65
19536	65
19555	65
19574	65
19591	65
19601	65
19611	59
19618	59
19642	59
19675	59
19742	59
19743	59
19784	65
19809	59
19813	65
19822	59
19827	59
19829	65
19832	59
19839	65
19841	65
19861	65
19863	59
19872	65
19913	65
19928	59
19930	65
19960	65
19977	65
20041	59
20046	65
20055	65
20068	59
20084	65
20092	65
20110	65
20112	65
20123	65
20124	59
20151	65
20165	65
20172	65
20196	65
20202	65
20225	59
20250	59
20265	65
20273	59
20298	65
20307	65
20332	65
20353	65
20357	65
20364	59
20371	65
20410	59
20440	65
20474	59
20476	65
20538	65
20540	65
20552	65
20574	59
20594	59
20601	65
20	7
33	6
34	6
61	6
81	6
84	7
106	7
114	6
118	6
121	7
127	6
131	6
174	6
176	6
184	6
233	6
237	6
244	7
246	7
255	7
276	7
289	6
295	6
332	7
348	7
350	7
382	6
391	7
419	7
422	6
425	6
426	6
494	6
512	6
514	7
521	7
533	6
547	7
555	6
568	6
579	6
603	6
624	6
643	7
653	6
662	7
664	7
672	7
686	6
688	7
689	7
696	6
713	6
720	7
778	6
782	6
784	6
805	6
821	7
831	6
845	7
846	6
851	7
872	6
884	6
892	6
905	7
937	7
946	7
954	6
961	6
972	6
979	6
994	6
1018	7
1073	7
1079	6
1090	6
1094	6
1127	6
1159	7
1163	7
1183	6
1203	6
1209	6
1214	7
1226	6
1229	7
1231	7
1243	7
1244	7
1245	6
1257	6
1289	6
1297	7
1323	7
1326	7
1385	7
1398	6
1399	7
1417	7
1420	6
1439	6
1497	7
1498	6
1534	6
1544	7
1557	6
1565	6
1569	6
1576	6
1582	6
1595	6
1597	7
1599	6
1608	7
1614	6
1615	6
1639	7
1646	6
1648	7
1650	7
1678	6
1689	6
1691	6
1712	7
1721	7
1730	6
1734	6
1758	7
1775	6
1776	7
1779	7
1801	7
1804	7
1819	7
1850	6
1855	6
1873	6
1876	7
1906	7
1949	6
2009	7
2033	7
2038	6
2039	6
2059	7
2066	7
2072	6
2091	7
2094	6
2108	7
2130	6
2131	6
2133	7
2148	7
2162	6
2185	6
2222	6
2231	6
2251	6
2269	6
2282	6
2284	6
2293	7
2296	6
2316	7
2342	6
2346	7
2358	7
2408	7
2420	7
2427	6
2445	6
2512	7
2513	7
2527	6
2529	7
2536	7
2553	7
2566	6
2576	7
2586	7
2589	7
2602	7
2611	7
2613	6
2659	7
2663	7
2678	6
2690	6
2705	7
2726	6
2731	6
2747	6
2773	6
2796	6
2801	7
2804	7
2806	7
2851	6
2864	6
2871	6
2883	7
2884	7
2894	6
2900	6
2901	6
2909	7
2944	6
2955	6
2962	7
2968	7
2971	6
2975	6
2979	6
2983	7
3013	6
3024	7
3034	6
3063	6
3072	7
3083	6
3089	7
3096	6
3105	6
3112	7
3140	7
3153	7
3163	6
3178	6
3179	7
3184	6
3198	7
3217	6
3225	6
3233	7
3258	7
3265	6
3277	6
3288	6
3300	6
3311	7
3314	7
3315	7
3316	7
3325	7
3368	6
3382	7
3406	7
3412	7
3416	6
3417	7
3424	7
3440	7
3471	7
3483	6
3513	6
3517	7
3528	7
3535	6
3543	7
3550	7
3562	7
3622	7
3644	7
3650	6
3670	6
3672	7
3678	6
3709	6
3714	7
3736	7
3738	6
3749	7
3760	7
3769	7
3770	7
3782	7
3796	7
3831	6
3837	6
3863	7
3873	6
3913	7
3921	7
3926	7
3949	7
3960	6
3976	6
3995	7
4001	7
4013	6
4015	6
4022	7
4029	6
4032	6
4040	6
4052	6
4086	7
4101	7
4102	7
4116	6
4130	6
4137	6
4190	7
4194	7
4207	7
4216	6
4223	6
4227	7
4239	7
4266	7
4270	6
4273	7
4276	6
4287	6
4290	6
4310	7
4316	7
4368	6
4373	6
4385	6
4391	7
4399	7
4425	7
4456	6
4462	6
4473	6
4499	6
4503	7
4520	6
4567	6
4585	7
4587	6
4591	6
4592	7
4599	7
4655	7
4668	6
4678	7
4681	6
4710	6
4777	7
4802	6
4825	6
4828	6
4849	6
4883	6
4894	7
4898	6
4905	6
4911	7
4951	6
4965	7
4970	7
4978	6
4983	6
4989	7
4995	7
5026	6
5068	6
5102	6
5108	6
5133	7
5164	6
5178	7
5208	7
5248	7
5250	6
5262	6
5277	7
5317	6
5351	6
5371	6
5375	6
5400	7
5425	6
5428	7
5441	7
5443	6
5445	6
5452	7
5493	6
5504	7
5516	7
5542	6
5550	6
5551	6
5575	6
5583	7
5584	7
5588	6
5596	7
5631	6
5642	6
5734	7
5763	6
5766	7
5781	6
5783	7
5787	6
5791	7
5822	6
5857	6
5866	7
5872	7
5897	7
5902	7
5906	6
5923	7
5924	7
5930	7
5941	6
5949	6
5953	7
5985	6
6038	6
6056	6
6060	6
6071	6
6077	6
6093	7
6098	7
6141	7
6150	7
6207	7
6221	7
6231	6
6244	6
6252	6
6265	6
6320	6
6352	6
6357	6
6376	6
6384	7
6389	7
6397	7
6421	6
6436	7
6456	6
6475	7
6485	7
6514	7
6516	6
6526	7
6553	6
6599	7
6619	7
6640	6
6645	7
6677	7
6694	7
6697	7
6711	6
6715	6
6717	7
6738	7
6782	7
6799	6
6835	6
6836	7
6887	7
6923	6
6926	6
7004	6
7053	6
7090	6
7103	7
7113	7
7132	7
7134	7
7146	7
7147	7
7162	6
7169	7
7180	7
7186	7
7201	7
7206	6
7207	6
7222	6
7290	7
7344	6
7416	6
7420	6
7435	6
7436	6
7443	7
7444	7
7479	6
7491	6
7527	6
7558	6
7581	7
7582	6
7616	7
7623	6
7626	6
7628	6
7645	6
7671	7
7701	7
7730	6
7737	6
7756	7
7761	7
7777	7
7794	7
7813	6
7842	6
7875	6
7881	6
7895	7
7903	6
7908	6
7936	7
7954	7
7964	6
7982	6
7991	7
8000	7
8030	6
8050	6
8069	7
8091	6
8133	6
8155	7
8158	7
8160	7
8199	7
8221	7
8233	7
8240	7
8265	6
8278	7
8280	6
8289	6
8292	6
8302	7
8308	7
8309	6
8348	6
8350	7
8354	6
8376	7
8380	6
8381	7
8413	7
8415	7
8421	7
8435	6
8441	7
8472	6
8486	6
8513	7
8515	7
8563	6
8567	6
8585	7
8588	6
8597	6
8621	7
8630	7
8655	6
8666	7
8668	7
8676	7
8677	6
8680	6
8707	6
8720	6
8724	7
8748	6
8754	6
8757	6
8781	6
8784	6
8807	7
8833	6
8891	7
8903	6
8905	7
8907	7
8931	6
8935	7
8964	6
8968	7
9018	6
9022	6
9033	7
9050	6
9055	6
9062	6
9071	7
9080	6
9082	7
9114	6
9116	6
9117	7
9144	6
9148	6
9155	6
9190	7
9212	7
9214	7
9216	6
9220	6
9250	7
9273	7
9274	7
9275	6
9303	6
9308	6
9321	6
9363	7
9376	6
9377	7
9385	6
9399	7
9445	6
9448	6
9463	6
9465	6
9487	6
9491	6
9504	7
9510	6
9567	6
9575	7
9582	7
9602	7
9620	6
9623	7
9647	6
9664	7
9675	6
9676	6
9738	6
9767	7
9773	7
9797	6
9814	7
9846	6
9872	7
9896	6
9933	7
9935	6
9938	7
9973	7
9974	7
9984	6
9997	7
10047	7
10064	6
10085	6
10100	6
10102	7
10103	7
10119	6
10131	7
10169	6
10196	7
10200	7
10215	7
10221	6
10277	7
10285	6
10294	7
10295	7
10306	7
10308	6
10316	7
10337	7
10396	6
10416	7
10432	6
10459	6
10466	7
10472	6
10486	6
10495	7
10501	6
10549	6
10552	7
10561	6
10569	6
10577	7
10601	6
10604	6
10630	7
10635	6
10637	6
10642	7
10676	6
10677	6
10678	6
10689	7
10725	6
10765	7
10781	6
10800	7
10846	6
10847	7
10857	6
10858	7
10864	6
10871	6
10876	6
10880	7
10900	6
10910	7
10912	6
10927	7
10935	7
10986	6
11006	7
11022	7
11035	6
11055	7
11071	6
11074	6
11088	7
11093	7
11095	6
11102	7
11121	7
11126	6
11164	6
11201	7
11204	6
11233	7
11234	7
11246	6
11253	7
11329	6
11341	7
11373	7
11383	7
11402	7
11405	6
11412	6
11431	7
11458	7
11462	6
11464	7
11475	6
11481	7
11492	7
11504	6
11509	7
11519	6
11546	6
11550	6
11560	6
11567	6
11580	6
11585	7
11609	7
11647	7
11656	7
11678	6
11705	6
11717	7
11743	6
11751	6
11752	7
11758	6
11782	6
11801	7
11826	7
11843	7
11845	6
11846	6
11852	6
11856	7
11869	6
11872	7
11873	6
11939	6
11961	7
11977	7
11983	6
11988	7
11991	6
12010	7
12059	7
12061	6
12096	7
12148	6
12150	7
12161	6
12192	6
12214	7
12216	6
12224	6
12239	7
12253	7
12268	6
12271	6
12283	7
12293	7
12302	6
12316	6
12327	7
12337	7
12387	6
12388	6
12391	7
12393	6
12397	6
12409	6
12419	6
12431	6
12445	7
12447	7
12470	6
12499	6
12509	7
12515	7
12536	7
12537	7
12550	7
12555	6
12566	7
12578	6
12587	6
12592	7
12606	6
12667	6
12676	6
12687	7
12690	7
12734	6
12736	7
12747	6
12754	7
12757	7
12778	6
12791	7
12804	6
12845	7
12849	7
12869	7
12886	7
12890	7
12891	7
12908	6
13046	7
13058	6
13068	6
13076	6
13095	6
13125	6
13132	7
13134	7
13146	7
13157	6
13171	6
13208	7
13219	6
13226	7
13243	6
13281	6
13290	7
13311	7
13323	6
13353	7
13356	7
13360	6
13368	7
13374	7
13386	7
13400	7
13406	6
13409	7
13413	7
13419	7
13420	7
13422	7
13436	7
13466	6
13505	7
13516	6
13522	7
13526	6
13533	6
13534	6
13606	7
13615	7
13619	6
13636	6
13642	7
13643	6
13646	7
13648	6
13653	7
13676	7
13723	7
13731	6
13740	6
13780	6
13810	7
13823	7
13828	6
13829	7
13835	7
13836	6
13872	7
13888	7
13966	7
13984	7
13995	7
14005	7
14006	7
14007	7
14042	6
14065	6
14113	7
14115	6
14123	7
14136	6
14139	6
14141	7
14146	6
14165	6
14182	7
14207	7
14218	6
14238	6
14251	7
14262	7
14305	7
14312	7
14316	7
14332	6
14337	6
14344	6
14349	6
14352	7
14353	6
14361	7
14391	6
14398	6
14414	7
14428	7
14491	7
14518	7
14523	7
14533	7
14553	6
14592	7
14613	6
14626	6
14629	6
14639	6
14661	7
14697	7
14743	6
14756	6
14786	6
14792	7
14793	7
14852	7
14889	7
14908	7
14914	7
14930	6
14940	6
14946	7
14961	7
14973	6
14978	7
14986	6
14992	7
15016	6
15025	6
15061	6
15086	7
15087	7
15124	6
15129	7
15148	6
15162	6
15193	6
15199	6
15207	7
15225	7
15245	6
15249	7
15250	7
15263	6
15330	7
15350	6
15354	6
15363	7
15372	7
15375	7
15381	6
15390	6
15427	7
15429	7
15440	6
15448	7
15464	7
15508	7
15556	7
15560	6
15564	7
15569	7
15617	6
15630	7
15716	7
15722	7
15750	6
15781	7
15792	7
15799	7
15830	6
15838	7
15839	6
15853	7
15866	6
15901	7
15908	7
15910	7
15923	6
15956	7
15996	7
16003	6
16040	6
16045	7
16056	6
16063	6
16069	6
16071	6
16072	7
16086	7
16130	7
16147	7
16177	7
16223	7
16258	6
16264	6
16274	7
16282	6
16316	7
16319	6
16320	7
16330	7
16356	7
16380	6
16382	6
16398	7
16465	7
16489	7
16508	7
16543	7
16558	7
16559	7
16561	7
16583	7
16585	6
16592	6
16594	7
16595	7
16605	6
16615	6
16645	6
16663	6
16696	7
16706	7
16739	7
16743	7
16744	7
16752	6
16766	7
16787	7
16792	7
16798	7
16800	6
16811	7
16817	6
16836	7
16875	6
16919	6
16924	7
16930	6
16964	7
16985	7
17046	6
17075	6
17078	7
17097	7
17144	6
17178	6
17194	6
17239	7
17259	6
17269	7
17272	6
17289	6
17314	6
17321	7
17335	7
17364	7
17378	6
17421	6
17430	7
17451	7
17459	7
17464	6
17474	7
17507	6
17533	6
17554	6
17565	7
17579	6
17587	7
17604	7
17656	6
17662	7
17668	6
17699	6
17701	7
17705	7
17730	6
17743	6
17748	6
17750	6
17769	6
17771	6
17791	7
17793	7
17807	6
17815	6
17822	6
17844	6
17851	7
17875	6
17887	7
17892	7
17902	6
17905	6
17921	7
17953	7
17963	7
17984	7
17993	7
17995	6
18023	7
18024	7
18063	7
18077	6
18187	6
18202	6
18209	7
18245	6
18259	6
18275	7
18288	6
18289	6
18298	7
18301	6
18325	6
18326	6
18336	6
18366	6
18401	7
18416	6
18429	6
18430	6
18431	7
18433	6
18434	7
18436	6
18486	7
18490	7
18539	6
18544	6
18568	6
18574	7
18581	6
18625	7
18637	7
18653	6
18668	7
18672	7
18687	6
18718	6
18731	7
18734	7
18755	6
18789	6
18801	6
18813	6
18823	7
18826	7
18836	6
18851	7
18888	6
18892	6
18905	6
18908	7
18909	6
18929	6
18937	7
18970	6
18974	6
18984	6
18993	6
18999	6
19003	7
19025	6
19030	7
19035	7
19042	6
19053	6
19081	7
19089	7
19093	6
19104	6
19106	6
19112	6
19125	7
19129	7
19139	6
19147	6
19176	6
19181	6
19187	6
19192	6
19239	6
19261	6
19272	7
19322	7
19328	6
19342	7
19350	6
19380	7
19404	7
19409	7
19413	6
19418	7
19446	7
19461	7
19465	7
19476	7
19480	7
19522	6
19534	6
19559	7
19573	7
19588	7
19625	6
19654	6
19673	6
19699	6
19704	6
19715	7
19736	6
19750	6
19759	6
19783	6
19790	6
19812	6
19828	7
19852	6
19874	7
19910	7
19935	7
19942	7
19964	7
19965	7
19982	6
19991	7
20003	6
20021	6
20024	6
20025	7
20050	6
20071	6
20086	7
20104	6
20107	6
20113	6
20152	7
20156	7
20186	6
20198	6
20204	7
20231	7
20239	7
20261	6
20284	6
20300	6
20303	6
20333	6
20342	6
20355	7
20377	7
20381	6
20389	6
20401	6
20403	6
20433	6
20454	6
20460	7
20463	7
20493	6
20501	7
20529	7
20531	6
20541	7
20558	7
20575	7
20582	6
20600	6
20609	7
88	370
95	1051
108	1051
234	370
262	370
322	1051
333	370
403	370
432	370
759	1051
764	370
820	1051
847	370
926	1051
985	1051
1215	370
1309	1051
1530	370
1543	370
1733	370
1800	370
2113	370
2115	370
2145	1051
2157	1051
2257	1051
2380	370
2436	370
2514	370
2572	1051
2881	1051
2910	370
2929	1051
2945	370
2994	370
3114	1051
3123	1051
3222	1051
3292	370
3399	370
3449	1051
3522	1051
3710	1051
3715	1051
3774	370
3892	370
3909	370
3984	370
4075	1051
4127	370
4554	1051
4625	370
4633	370
4728	370
4826	370
4916	370
4953	370
5016	370
5235	370
5404	370
5521	1051
5533	1051
5554	370
5598	370
5648	370
5654	370
5767	1051
5865	370
5884	370
5956	370
6312	1051
6405	370
6411	370
6474	370
6495	1051
6528	370
6547	1051
6567	370
6613	1051
6616	370
6802	1051
6825	1051
6832	1051
6834	370
6861	370
6990	1051
7015	1051
7048	1051
7117	370
7203	1051
7569	1051
7731	1051
7779	370
7835	370
7837	1051
7892	1051
7893	370
7930	370
8017	1051
8147	370
8163	1051
8216	1051
8460	370
8466	370
8562	370
8946	370
9014	1051
9226	370
9233	370
9338	370
9355	1051
9410	1051
9571	1051
9592	370
9597	1051
9726	370
9779	1051
9886	370
9976	1051
10012	1051
10106	370
10152	370
10292	370
10375	1051
10487	370
10556	1051
10594	1051
10640	370
10644	370
10759	1051
10821	370
11010	370
11094	370
11146	370
11199	370
11280	370
11311	1051
11333	370
11380	370
11459	370
11555	370
11579	1051
11594	370
11595	370
11701	1051
11712	370
11760	370
11792	1051
11957	370
11996	1051
12071	370
12187	370
12329	370
12437	1051
12490	1051
12575	1051
12601	1051
12888	370
12896	1051
13147	370
13318	1051
13399	370
13426	370
13450	1051
13455	370
13476	1051
13601	1051
13753	370
13757	370
13761	1051
13891	370
14095	370
14106	1051
14279	370
14335	370
14472	370
14525	1051
14599	1051
14657	1051
14750	1051
14809	1051
14816	370
14839	370
14859	1051
15041	1051
15046	1051
15107	1051
15197	1051
15211	370
15294	1051
15434	370
15468	370
15729	1051
15895	370
15927	370
15972	370
15980	370
16123	370
16126	1051
16155	370
16214	370
16300	1051
16361	1051
16417	1051
16602	1051
16604	370
16636	370
16988	370
17012	370
17076	1051
17110	370
17160	370
17190	370
17277	370
17280	1051
17637	1051
17645	1051
17763	370
17847	370
17859	1051
17991	1051
18008	1051
18070	1051
18083	1051
18109	1051
18130	1051
18254	1051
18489	1051
18600	370
18604	1051
18615	370
18632	370
18679	1051
18682	370
18716	1051
18773	370
18800	1051
18816	1051
18839	1051
18979	370
19168	370
19267	1051
19320	370
19403	370
19426	370
19454	370
19674	1051
19908	370
19946	370
20030	370
20044	1051
20176	1051
20362	1051
20554	370
775	902
1891	902
1925	902
3209	902
3829	902
4165	902
4261	902
4762	902
5512	902
6309	902
6439	902
7164	902
7336	902
7886	902
7894	902
7907	902
8086	902
8136	902
9549	902
10278	902
10287	902
10611	902
10963	902
11245	902
11814	902
12255	902
12472	902
13363	902
13742	902
13880	902
14196	902
14227	902
14633	902
15271	902
15303	902
15758	902
16010	902
17702	902
19475	902
19775	902
26	889
43	889
44	218
70	719
91	719
116	889
213	889
241	889
245	889
247	889
252	483
253	889
271	889
290	561
330	889
343	889
399	889
404	218
409	483
434	889
447	719
493	483
587	483
599	561
611	889
646	719
658	889
705	889
711	561
712	719
807	889
823	889
898	218
952	889
969	889
990	889
1012	889
1016	889
1052	218
1116	889
1131	889
1145	719
1171	218
1173	889
1190	889
1250	218
1268	561
1271	483
1290	218
1325	889
1337	889
1425	719
1447	889
1453	483
1454	719
1500	889
1503	889
1510	719
1517	889
1529	719
1660	483
1713	889
1780	889
1841	719
1842	889
1882	719
1892	889
1963	719
1985	483
2005	889
2010	719
2051	719
2062	889
2097	719
2124	719
2137	218
2140	889
2152	889
2160	483
2181	719
2189	889
2193	719
2203	889
2312	483
2338	889
2360	218
2374	889
2385	889
2423	483
2442	889
2448	483
2466	889
2491	889
2494	719
2522	719
2548	719
2552	889
2606	889
2616	889
2638	889
2645	889
2671	889
2673	719
2723	889
2753	719
2760	889
2790	889
2808	889
2828	719
2866	719
2873	889
2926	218
2931	889
2934	889
2946	719
3010	889
3018	719
3033	889
3046	889
3067	889
3166	889
3174	889
3189	719
3219	719
3229	889
3237	719
3298	561
3348	719
3373	218
3387	889
3388	483
3391	889
3400	483
3413	889
3420	218
3469	889
3479	483
3484	218
3541	218
3619	561
3626	719
3640	889
3669	889
3693	719
3727	218
3758	889
3778	719
3819	483
3843	889
3848	889
3884	889
3901	719
3992	889
4030	889
4033	889
4036	889
4092	483
4144	218
4147	719
4186	889
4203	218
4235	889
4260	889
4283	719
4338	889
4392	483
4417	561
4424	889
4467	719
4471	719
4478	561
4483	889
4512	889
4517	889
4519	561
4559	719
4584	483
4606	889
4609	719
4634	719
4661	889
4684	889
4688	889
4690	719
4727	483
4739	218
4752	889
4813	218
4837	889
4838	218
4852	218
4904	483
4924	218
4938	218
4943	719
4945	483
4972	483
4991	889
4999	483
5004	719
5081	889
5085	889
5132	218
5148	889
5149	889
5216	889
5218	889
5220	218
5227	483
5240	218
5246	889
5253	889
5278	889
5305	719
5354	889
5385	889
5407	483
5411	483
5422	719
5431	719
5497	719
5508	719
5511	889
5561	483
5562	483
5676	889
5752	889
5760	483
5764	889
5804	719
5863	218
5867	889
5904	889
5916	889
5922	719
5926	218
5937	483
5943	719
5962	218
5973	889
5975	719
5980	719
5997	719
6004	218
6059	889
6085	561
6097	889
6115	889
6124	719
6145	889
6149	483
6152	889
6198	218
6214	719
6257	218
6259	719
6277	889
6283	889
6359	719
6378	483
6396	719
6414	218
6427	483
6451	218
6468	719
6524	889
6558	218
6576	561
6586	889
6591	483
6609	218
6612	889
6633	889
6654	218
6675	561
6714	719
6730	719
6740	719
6741	889
6766	218
6783	483
6852	889
6874	889
6876	889
6896	889
6899	218
6905	719
6943	719
6948	719
6982	218
6989	218
7008	719
7012	889
7018	719
7041	719
7060	719
7066	483
7101	889
7124	889
7148	218
7161	889
7212	889
7213	889
7227	889
7259	889
7273	889
7285	483
7307	218
7318	218
7320	889
7389	889
7393	218
7432	889
7506	483
7542	218
7557	889
7583	483
7619	889
7653	218
7687	719
7710	483
7762	561
7865	889
7940	561
7962	889
7995	218
8093	483
8099	483
8113	719
8121	218
8129	889
8137	483
8169	719
8190	889
8211	218
8220	218
8379	218
8453	889
8477	719
8495	483
8542	889
8560	889
8579	889
8622	889
8678	719
8721	719
8726	719
8762	889
8826	719
8834	889
8856	889
8865	889
8871	483
8874	889
8880	561
8886	889
8911	889
8916	218
8982	889
9006	889
9059	889
9072	719
9074	719
9083	889
9086	889
9094	218
9096	719
9146	889
9149	483
9166	889
9198	719
9223	889
9265	719
9315	719
9367	218
9378	719
9421	483
9422	218
9450	889
9454	483
9501	889
9524	218
9538	719
9543	719
9579	218
9584	483
9591	889
9593	719
9629	889
9658	889
9663	889
9673	889
9690	889
9765	561
9783	889
9784	483
9795	218
9849	483
9859	889
9911	719
9985	889
9998	889
10003	719
10022	218
10052	483
10078	889
10086	889
10088	889
10148	719
10177	889
10209	218
10236	218
10238	719
10245	889
10286	218
10300	889
10310	719
10317	719
10329	483
10331	483
10344	218
10363	889
10520	889
10528	218
10674	889
10694	889
10697	218
10698	719
10718	483
10720	719
10734	719
10752	889
10761	218
10775	889
10789	483
10816	483
10849	218
10862	719
10867	719
10877	218
10907	889
10956	889
10966	889
11004	719
11005	889
11019	889
11058	889
11062	218
11066	889
11099	719
11158	561
11186	889
11200	218
11224	719
11285	889
11293	719
11294	719
11312	218
11313	889
11343	889
11344	889
11354	483
11366	889
11379	719
11407	719
11408	889
11410	889
11430	719
11450	889
11505	218
11526	889
11527	719
11538	218
11541	218
11556	889
11574	719
11576	719
11640	889
11646	561
11713	483
11724	719
11786	719
11810	889
11816	889
11850	483
11855	889
11857	889
11882	889
11930	889
11952	218
11954	889
11968	889
11975	719
12003	218
12017	889
12020	719
12023	889
12032	719
12038	889
12052	889
12054	483
12074	719
12089	218
12090	483
12120	889
12136	719
12157	889
12158	889
12173	483
12189	889
12215	218
12229	889
12232	889
12236	483
12257	889
12259	719
12314	889
12340	719
12367	889
12374	719
12382	483
12405	889
12414	889
12427	719
12434	889
12439	719
12458	719
12480	719
12482	218
12484	483
12519	483
12533	889
12561	889
12569	719
12570	483
12598	719
12603	719
12619	719
12624	483
12656	483
12659	889
12682	719
12691	889
12716	483
12717	889
12718	719
12721	889
12775	889
12798	719
12863	719
12871	889
12873	483
12975	218
12979	719
12988	719
13002	218
13029	561
13080	719
13138	889
13192	889
13196	218
13218	719
13237	719
13272	719
13294	218
13328	889
13335	889
13367	218
13376	719
13377	719
13414	889
13428	889
13453	483
13495	719
13509	719
13538	218
13548	483
13610	719
13763	889
13787	719
13818	889
13850	889
13883	561
13921	719
13925	889
13955	483
13962	218
13997	889
14011	889
14026	719
14029	218
14033	719
14049	561
14055	719
14059	889
14069	889
14072	483
14073	719
14088	889
14112	889
14132	719
14159	889
14162	889
14192	719
14228	889
14233	483
14264	218
14277	889
14319	889
14330	889
14351	889
14366	483
14368	483
14372	719
14475	483
14534	889
14565	889
14595	483
14664	218
14683	719
14733	218
14738	719
14822	218
14838	719
14884	719
14925	483
14933	889
14935	218
14974	719
14995	483
15026	218
15032	483
15059	889
15081	889
15094	889
15141	889
15224	889
15247	719
15306	719
15308	719
15313	218
15333	719
15345	719
15349	483
15379	889
15409	889
15442	218
15466	889
15469	483
15473	719
15486	889
15513	889
15558	889
15579	483
15586	483
15589	483
15594	719
15598	889
15613	889
15623	218
15662	719
15682	719
15699	889
15723	218
15745	561
15757	889
15813	218
15848	561
15850	889
15874	889
15902	889
15914	719
15962	719
15963	889
16006	889
16023	889
16044	483
16058	889
16090	889
16098	218
16101	889
16144	483
16172	218
16187	218
16190	889
16193	218
16234	719
16254	719
16271	889
16284	889
16287	889
16289	719
16321	719
16324	889
16351	889
16379	561
16393	218
16399	719
16419	483
16427	719
16433	889
16448	889
16449	889
16453	719
16504	719
16516	561
16534	889
16598	889
16623	889
16662	719
16670	483
16679	889
16701	889
16707	719
16834	889
16884	483
17073	889
17119	889
17150	889
17166	483
17175	889
17242	483
17266	889
17270	889
17281	218
17319	889
17347	483
17471	719
17491	889
17521	889
17532	218
17561	483
17570	218
17619	218
17627	719
17658	561
17672	889
17675	719
17676	719
17684	719
17709	218
17713	889
17838	889
17840	889
17863	483
17867	483
17890	561
17928	889
17952	889
17969	889
17988	483
18016	561
18030	719
18057	889
18081	889
18100	889
18161	889
18174	889
18183	889
18190	483
18236	719
18239	889
18277	889
18282	483
18284	483
18285	483
18286	719
18342	889
18348	561
18362	483
18369	561
18397	218
18412	719
18417	889
18422	719
18432	218
18458	889
18480	889
18484	719
18492	889
18513	218
18538	561
18558	889
18601	218
18647	719
18656	889
18739	889
18748	889
18754	719
18788	889
18791	719
18796	719
18806	483
18833	889
18875	889
18878	889
18883	483
18898	889
18950	889
18973	218
18988	719
18998	889
19039	889
19077	719
19113	218
19128	561
19133	719
19150	719
19175	719
19206	719
19229	483
19234	719
19252	889
19339	719
19351	889
19365	218
19388	889
19448	483
19509	889
19530	889
19544	889
19629	719
19631	889
19637	483
19643	719
19672	889
19741	561
19798	889
19837	218
19890	483
19920	483
19947	889
19959	889
19961	889
19985	719
20002	889
20040	719
20060	889
20075	218
20088	889
20108	218
20114	889
20153	218
20157	719
20160	719
20169	483
20214	889
20216	889
20223	889
20226	719
20245	719
20267	218
20286	483
20302	483
20306	889
20330	218
20366	561
20468	719
20487	889
20553	889
20568	218
20590	483
31	52
117	52
194	52
925	500
986	52
1738	500
1853	500
2161	52
2319	500
2333	500
2554	500
2675	52
3049	52
3087	52
3150	52
3165	500
3787	52
3895	500
4010	500
4050	500
4732	52
4735	500
4758	52
4824	52
4843	52
4957	52
5035	52
5170	52
5222	500
5281	500
5325	500
5333	52
5797	52
6016	500
6269	500
6703	52
6871	500
6932	52
7229	500
8128	500
8306	500
8553	52
8914	500
9296	52
9393	52
9431	52
9776	500
9855	52
10068	500
10225	52
10517	500
10633	500
10643	52
10707	52
10787	52
11002	52
11326	500
11355	52
11493	52
11599	500
11959	52
12131	500
12358	52
12366	52
12828	500
12924	500
13286	52
13385	52
13447	52
13508	52
13525	500
13528	500
13558	52
13666	52
13726	500
13751	52
14048	500
14133	500
14712	500
14745	500
14847	500
15018	52
15057	52
15632	500
15650	52
15938	500
15970	500
16000	52
16117	52
16235	500
16245	500
16384	500
16546	500
17220	500
17309	500
17505	52
17786	52
17856	500
18026	500
18384	52
18525	52
18938	500
19907	52
20008	52
20276	52
14	90
21	25
25	25
79	90
160	25
210	25
214	90
311	90
342	90
473	90
520	25
584	25
631	25
673	90
708	90
772	25
860	90
868	25
894	25
907	90
1004	25
1047	25
1192	90
1376	25
1516	25
1540	25
1589	25
1722	25
1839	90
1840	90
1888	25
1952	25
2105	90
2377	25
2499	90
2538	90
2599	25
2635	90
2993	90
3005	25
3231	90
3303	25
3395	90
3432	90
3564	25
3617	25
3634	25
3666	90
4051	90
4057	90
4076	25
4112	90
4150	90
4238	25
4245	25
4249	25
4296	25
4327	90
4400	90
4498	90
4507	90
4809	90
4936	90
5080	25
5082	90
5105	90
5110	25
5111	25
5155	25
5346	25
5356	25
5410	25
5500	25
5505	25
5609	90
5800	90
5849	25
5979	25
5995	25
6021	90
6052	90
6090	90
6122	90
6172	90
6186	25
6256	90
6398	90
6406	25
6443	90
6541	90
6653	90
6698	25
6720	25
6772	25
6829	25
6882	90
6883	25
6922	90
6981	25
7051	90
7087	90
7138	90
7280	25
7300	90
7345	25
7507	90
7599	25
7660	90
7686	90
7715	90
7774	25
7827	90
7857	25
7863	90
7899	25
7902	25
8071	25
8193	25
8204	90
8223	25
8254	25
8314	90
8390	25
8410	25
8617	25
8642	90
8658	90
8689	90
8837	25
8991	90
9235	90
9245	90
9374	25
9415	25
9581	25
9588	25
9608	90
9744	90
9755	25
9884	25
9913	90
10040	25
10223	25
10276	90
10299	25
10433	90
10456	90
10515	90
10523	90
10626	90
10890	90
10892	25
10893	90
10933	25
11020	90
11026	90
11050	90
11105	25
11148	25
11162	90
11386	90
11409	90
11433	90
11520	25
11592	90
11687	90
11754	90
11819	90
11870	90
11894	25
11902	90
12078	90
12126	90
12139	90
12222	90
12251	25
12288	25
12342	90
12359	25
12454	25
12631	90
12644	25
12688	25
12713	90
12961	25
13008	25
13107	90
13124	90
13359	25
13397	90
13423	25
13502	25
13531	90
13658	25
13685	25
13699	25
13737	25
13739	90
13741	25
13812	90
13964	90
13972	90
13992	25
14160	25
14239	90
14240	25
14375	25
14436	25
14551	90
14641	25
14676	25
14679	90
14701	90
14708	25
14722	25
14844	25
14850	90
14875	25
14886	90
14928	90
15023	90
15195	25
15214	90
15326	25
15382	25
15463	25
15502	25
15526	90
15549	90
15637	90
15711	90
15747	25
16002	90
16033	90
16116	25
16148	25
16158	25
16166	25
16286	90
16445	90
16682	90
16726	25
16759	90
16856	90
16872	25
17050	25
17063	90
17311	25
17332	25
17366	25
17477	90
17632	90
17636	25
17667	25
17808	90
17893	90
17938	90
17954	90
17967	90
18044	25
18162	90
18181	25
18268	25
18271	90
18309	90
18386	25
18403	90
18496	90
18606	25
18663	25
18681	25
18736	90
18858	90
18981	90
19227	90
19278	25
19450	90
19468	25
19563	25
19615	90
19616	90
19700	90
19777	25
19887	25
19968	90
19993	90
20032	90
20043	25
20065	90
20117	90
20119	90
20137	25
20150	90
20251	25
20335	90
20586	90
155	46
352	22
541	46
563	46
570	46
573	46
617	22
619	22
651	46
780	46
783	46
810	22
829	46
906	46
916	22
976	46
1002	46
1386	22
1629	46
1640	46
1664	46
1698	46
1810	46
1872	46
1941	46
1958	46
1997	46
2027	46
2043	46
2079	46
2098	46
2101	22
2119	46
2414	22
2493	46
2658	46
2715	46
2819	46
3044	46
3056	46
3186	46
3271	46
3291	22
3359	22
3370	46
3444	22
3497	46
3677	22
3737	22
3785	22
3849	46
3853	46
3916	46
4082	46
4269	46
4527	22
4545	22
4725	22
4749	46
4768	46
4835	22
4850	22
4967	22
5073	22
5087	46
5121	46
5143	46
5560	46
5670	46
5700	46
5713	46
5934	22
6049	46
6099	46
6101	46
6161	46
6216	22
6224	46
6360	46
6399	46
6461	46
6466	46
6659	22
6914	46
6958	22
6988	46
6994	46
7027	46
7034	46
7045	46
7220	46
7243	46
7246	46
7402	46
7525	46
7546	46
7611	46
7634	46
7707	46
7745	22
7749	46
7773	46
7915	46
7980	46
7990	46
8048	46
8058	46
8082	22
8087	46
8098	46
8187	22
8346	22
8377	22
8407	46
8527	46
8584	46
8587	22
8603	46
8753	46
8785	46
8798	22
8844	22
8984	46
9058	46
9101	46
9130	22
9189	46
9324	46
9370	22
9432	46
9434	22
9508	46
9732	46
9873	46
9915	46
9952	46
9980	46
9999	22
10108	46
10189	46
10361	46
10448	22
10627	46
10657	46
10675	22
10723	46
10792	46
10793	22
10901	46
10939	46
10955	46
10992	46
11076	22
11081	46
11125	46
11202	46
11223	46
11235	46
11324	22
11395	46
11406	46
11460	46
11633	22
11659	46
11702	46
11800	46
11905	46
11962	22
11982	46
12058	46
12163	22
12226	46
12248	46
12451	46
12489	46
12568	22
12638	46
12652	46
12693	46
12697	22
12771	46
12823	46
12864	46
12966	46
13041	46
13054	46
13062	46
13135	46
13199	22
13200	22
13227	46
13253	22
13305	46
13364	46
13479	46
13503	46
13523	46
13564	46
13566	46
13617	46
13831	46
13847	46
13915	46
13918	22
13965	46
13974	46
14000	46
14177	46
14179	46
14220	46
14311	46
14510	22
14550	46
14648	46
14688	46
14760	22
14840	22
14869	46
14906	22
14921	22
14926	46
14954	46
14955	46
14972	46
15003	46
15097	22
15128	46
15216	46
15438	46
15518	46
15575	46
15584	46
15816	22
15935	22
15975	22
16145	46
16269	46
16333	46
16336	46
16338	22
16533	22
16601	46
16649	22
16650	46
16803	46
16954	22
17006	22
17052	46
17163	46
17349	46
17362	46
17472	46
17480	46
17549	22
17661	46
17718	22
17720	46
17761	46
17774	22
17806	22
17901	46
18055	46
18117	46
18224	22
18273	22
18414	46
18421	46
18424	22
18437	46
18530	46
18618	46
18628	46
18631	46
18642	46
18861	46
18955	22
19092	46
19136	46
19207	46
19358	46
19362	46
19487	46
19561	46
19620	46
19669	46
19671	46
19740	46
19914	46
19954	22
20020	46
20210	46
20246	22
20255	46
20445	46
20585	46
10	226
178	226
282	547
300	226
324	226
385	226
464	226
491	226
515	226
553	226
637	226
706	226
716	547
760	226
815	226
953	226
1132	226
1259	226
1430	226
1538	226
1561	226
1649	226
1915	226
1916	226
2215	226
2252	226
2275	226
2277	226
2303	226
2486	226
2600	226
2636	226
2669	226
2716	226
2843	226
3202	226
3330	226
3512	226
3586	226
3723	547
3725	226
4020	226
4176	226
4230	226
4372	226
4432	226
4458	226
4653	226
4705	547
4782	226
4800	226
4888	547
4895	226
4937	226
4985	226
4994	226
5039	226
5403	547
5417	226
5476	226
5483	547
5632	547
5711	226
5747	226
5761	226
5835	226
5886	547
5946	226
5974	226
6025	226
6037	226
6061	226
6175	226
6379	226
6409	226
6484	226
7032	226
7046	226
7102	226
7129	226
7240	547
7258	226
7266	547
7299	226
7316	226
7396	226
7508	226
7532	226
7585	547
7593	226
7608	226
7727	226
7910	226
7926	226
7978	226
8006	226
8106	226
8192	226
8252	226
8362	547
8580	547
8628	226
8686	226
8710	226
8802	226
8810	226
8811	547
8840	547
8906	226
8977	226
9193	226
9241	226
9333	547
9345	226
9372	226
9395	226
9513	226
9531	547
9688	226
9834	547
9918	226
9928	226
9964	226
10146	226
10210	547
10234	226
10260	226
10263	226
10290	226
10388	547
10431	226
10805	226
11151	226
11216	226
11346	226
11370	226
11423	226
11445	226
11483	226
11502	226
11557	226
11584	226
11642	547
11793	226
11807	226
11817	226
11893	226
11908	226
11965	226
11993	226
12072	547
12130	226
12144	226
12341	226
12352	226
12413	547
12415	226
12608	226
12781	226
12954	547
12978	547
13205	226
13388	226
13437	547
13577	226
13680	226
13754	547
13766	226
13775	226
13839	547
13840	226
13958	226
14009	547
14144	226
14257	547
14350	226
14437	226
14442	226
14481	226
14524	226
14538	547
14618	226
14643	547
14719	226
14804	226
15044	226
15050	547
15242	226
15410	226
15583	226
15614	226
15645	226
15751	547
15833	226
15961	226
15984	226
16035	547
16179	226
16215	226
16263	226
16341	226
16462	226
16644	226
16714	226
16767	226
16850	226
16869	547
16960	226
16970	226
16994	547
17109	226
17141	547
17191	226
17293	226
17316	547
17323	226
17368	226
17370	226
17601	226
17710	226
17758	547
17858	226
18019	226
18094	226
18153	226
18159	226
18184	226
18218	226
18221	547
18222	226
18349	226
18357	226
18481	226
18655	226
18729	226
18910	226
18925	226
19085	226
19099	226
19174	226
19236	547
19257	226
19484	226
19500	226
19538	226
19592	226
19668	226
19692	226
19717	226
19797	226
19904	226
19925	226
19978	226
20128	226
20133	226
20181	547
20222	226
20344	226
20351	226
20352	226
20397	226
20539	226
1	40
2	61
32	10
37	10
38	10
53	61
56	10
68	61
73	10
82	10
96	10
101	40
141	10
146	40
156	61
171	10
208	61
243	10
260	40
279	40
326	40
355	61
394	40
416	61
417	40
420	40
437	40
445	40
465	61
483	40
495	40
524	61
528	40
532	40
539	10
616	10
633	40
685	61
690	40
787	40
790	61
799	40
835	40
838	10
873	10
874	40
877	40
879	10
880	40
913	10
933	40
999	40
1030	40
1050	10
1070	10
1095	10
1109	61
1112	40
1146	10
1149	10
1197	40
1208	61
1272	40
1280	10
1287	10
1288	10
1310	61
1317	10
1318	40
1373	40
1375	40
1397	61
1404	10
1419	40
1463	40
1477	40
1537	10
1553	40
1558	40
1588	40
1604	10
1680	10
1726	61
1756	61
1808	61
1813	40
1834	40
1848	10
1856	10
1861	40
1877	61
1902	40
1920	40
1956	61
1970	40
1992	40
2003	40
2036	40
2047	10
2056	61
2132	10
2150	61
2188	10
2212	40
2227	40
2237	61
2256	40
2268	40
2274	10
2295	61
2328	40
2339	10
2344	61
2350	61
2353	10
2418	61
2449	40
2464	61
2467	40
2474	40
2483	40
2539	40
2550	61
2569	61
2584	10
2615	10
2640	40
2656	40
2657	40
2666	40
2667	40
2679	10
2711	40
2762	10
2765	40
2780	40
2783	61
2805	40
2840	61
2846	40
2847	40
2850	61
2852	10
2858	40
2906	10
2938	61
2951	61
2956	10
2963	61
2982	10
2985	61
3007	10
3030	40
3048	10
3068	40
3078	61
3085	10
3101	10
3102	10
3142	61
3145	61
3221	10
3235	61
3284	10
3317	40
3333	10
3340	40
3351	61
3360	40
3371	10
3407	10
3520	40
3538	61
3544	10
3560	61
3572	10
3573	40
3578	40
3602	40
3684	10
3686	10
3706	40
3718	61
3733	10
3735	10
3762	10
3765	10
3783	61
3795	61
3800	10
3802	40
3812	40
3836	61
3878	40
3893	61
3968	40
3973	40
3998	40
4007	40
4017	40
4025	40
4065	40
4069	61
4091	61
4121	40
4162	40
4168	40
4173	40
4187	10
4193	40
4221	10
4247	10
4277	10
4302	10
4306	40
4321	40
4344	10
4346	61
4347	40
4364	40
4389	40
4427	10
4443	40
4450	40
4472	40
4516	40
4525	40
4539	40
4553	61
4612	40
4627	61
4663	10
4693	10
4712	10
4718	40
4760	10
4769	10
4804	61
4814	40
4819	40
4831	40
4832	61
4839	61
4854	10
4899	61
4984	10
4987	40
5001	10
5025	40
5040	40
5054	40
5062	40
5112	10
5188	61
5211	61
5230	40
5232	40
5234	40
5266	40
5274	61
5289	40
5294	40
5300	10
5311	10
5320	10
5330	10
5338	40
5344	10
5368	40
5381	61
5390	10
5397	40
5421	40
5423	10
5429	61
5462	40
5467	40
5479	10
5502	40
5517	61
5535	40
5536	40
5538	61
5556	10
5566	40
5589	40
5625	40
5627	10
5696	40
5710	40
5719	40
5729	40
5768	40
5794	10
5805	40
5810	40
5834	61
5854	10
5887	40
5903	10
5917	10
5929	61
5931	40
5944	10
6020	10
6034	61
6045	40
6062	40
6066	61
6078	61
6100	10
6106	40
6110	40
6133	40
6173	10
6179	61
6182	40
6191	40
6201	40
6204	61
6245	40
6297	61
6313	10
6318	61
6356	40
6388	10
6415	10
6430	40
6521	40
6530	61
6559	10
6575	61
6667	40
6669	40
6690	40
6725	40
6749	10
6751	10
6805	61
6806	40
6808	40
6824	10
6865	40
6877	40
6885	40
6938	40
6946	10
6969	40
7085	40
7131	10
7184	10
7195	61
7219	61
7221	10
7238	40
7268	10
7295	40
7303	10
7324	40
7325	10
7330	61
7335	61
7350	61
7359	10
7362	10
7368	61
7377	61
7380	10
7451	61
7459	40
7480	61
7510	61
7528	40
7548	61
7561	40
7562	61
7575	40
7591	10
7600	40
7618	40
7639	61
7664	10
7678	61
7705	40
7706	40
7709	10
7766	40
7775	40
7778	10
7790	40
7812	10
7821	61
7826	10
7854	10
7876	40
7882	40
7925	40
7959	61
7961	61
7988	40
8021	61
8032	61
8035	40
8055	40
8088	61
8111	10
8120	10
8194	40
8235	10
8249	61
8261	40
8279	10
8325	10
8341	61
8384	10
8402	10
8429	40
8468	61
8510	40
8526	40
8582	40
8607	40
8656	61
8665	61
8683	10
8684	61
8705	61
8773	10
8787	40
8888	10
8898	40
8902	40
8912	40
8939	40
8942	10
8952	10
8953	10
8961	10
8978	61
9011	10
9012	10
9035	40
9042	61
9051	10
9067	40
9121	61
9141	61
9180	10
9231	10
9243	10
9278	61
9311	10
9323	40
9347	61
9371	40
9383	10
9388	40
9471	10
9473	61
9492	40
9528	40
9559	40
9578	40
9594	10
9598	10
9682	61
9720	40
9757	10
9760	61
9826	40
9850	40
9856	61
9860	61
9869	40
9892	40
9901	40
9919	40
9961	10
9991	40
10008	61
10026	40
10042	40
10063	61
10081	10
10094	61
10096	10
10139	10
10149	61
10164	40
10206	10
10212	10
10230	40
10261	40
10279	10
10280	40
10289	40
10302	61
10332	10
10376	10
10418	40
10428	10
10440	61
10442	10
10451	61
10509	40
10537	61
10538	40
10585	10
10599	40
10632	40
10641	40
10655	61
10681	10
10693	40
10705	40
10708	61
10713	61
10730	10
10739	61
10747	61
10756	40
10764	40
10770	10
10791	40
10799	40
10820	61
10854	40
10861	10
10889	10
10898	61
10902	40
10909	10
10953	40
10970	10
10974	40
10984	61
11008	10
11016	40
11087	40
11092	40
11123	40
11137	40
11145	61
11168	40
11191	40
11205	61
11229	40
11264	40
11283	61
11290	61
11298	61
11351	40
11400	10
11434	40
11457	40
11490	40
11500	40
11511	61
11535	40
11554	10
11605	40
11621	61
11627	40
11670	40
11709	10
11729	40
11776	61
11791	40
11815	40
11820	40
11825	40
11829	40
11897	61
11911	10
11934	61
11978	61
11999	10
12062	10
12151	10
12211	61
12244	61
12256	10
12280	40
12300	61
12381	61
12385	40
12404	40
12468	61
12471	40
12481	10
12593	40
12686	40
12695	40
12700	40
12708	61
12793	40
12794	40
12843	10
12846	10
12867	40
12887	61
12901	61
12912	40
12945	40
13007	40
13011	10
13031	40
13039	40
13064	61
13072	10
13081	10
13085	40
13088	10
13130	61
13188	61
13203	40
13229	40
13231	61
13251	61
13261	61
13269	40
13283	40
13291	40
13319	40
13321	61
13333	40
13378	61
13379	61
13383	10
13429	10
13430	61
13432	10
13456	40
13474	40
13512	10
13519	10
13544	10
13547	10
13576	61
13635	10
13650	61
13683	61
13694	61
13747	40
13798	40
13884	40
13911	40
13943	61
14003	10
14004	40
14013	61
14020	40
14043	40
14045	40
14085	61
14087	40
14102	40
14104	61
14150	61
14152	40
14185	10
14190	10
14204	40
14216	10
14224	40
14234	40
14266	40
14269	61
14339	40
14354	10
14364	40
14382	61
14411	61
14426	61
14479	61
14487	40
14509	61
14511	40
14552	10
14562	40
14575	10
14585	40
14647	40
14663	40
14681	61
14687	10
14769	40
14781	61
14805	40
14818	10
14825	40
14833	61
14846	61
14855	40
14903	61
14929	40
14988	40
14989	40
15006	61
15008	10
15043	10
15048	40
15064	10
15079	40
15134	40
15146	10
15217	40
15236	10
15261	61
15264	61
15307	40
15344	61
15383	40
15421	10
15430	40
15451	40
15492	40
15506	61
15532	10
15536	10
15559	61
15592	61
15593	10
15606	61
15663	61
15676	40
15692	40
15752	40
15768	61
15810	10
15884	10
15891	40
15892	40
15913	10
15932	40
15946	10
15951	10
16009	40
16020	40
16047	10
16053	61
16107	40
16124	40
16153	10
16167	40
16168	10
16176	40
16183	40
16197	61
16213	40
16216	61
16303	40
16304	61
16305	10
16317	40
16326	40
16383	40
16387	40
16394	40
16395	40
16407	10
16418	40
16447	40
16474	61
16498	40
16529	40
16557	40
16586	40
16589	10
16612	40
16620	40
16661	61
16681	40
16698	40
16730	40
16753	40
16786	40
16788	40
16821	40
16857	40
16867	10
16873	40
16897	40
16946	61
16956	10
16959	61
16983	61
17013	40
17023	40
17049	61
17054	10
17068	40
17136	10
17209	40
17236	40
17244	10
17333	61
17363	40
17384	61
17402	61
17409	10
17411	61
17443	61
17444	10
17494	40
17513	10
17520	61
17526	61
17550	61
17592	61
17599	40
17606	40
17608	10
17609	10
17618	61
17643	40
17646	10
17674	40
17765	40
17785	40
17787	40
17788	40
17823	10
17828	40
17843	40
17848	40
17870	40
17872	40
17888	40
17896	10
17897	10
17911	40
17923	61
17950	61
17955	40
17968	40
17971	40
18009	40
18012	61
18048	10
18078	61
18093	40
18101	61
18102	61
18111	40
18131	40
18149	61
18176	40
18188	61
18200	10
18246	40
18267	40
18274	40
18311	61
18319	61
18355	10
18418	40
18452	10
18470	61
18500	10
18526	61
18528	10
18533	61
18551	40
18552	40
18589	61
18599	61
18649	61
18708	61
18724	10
18737	40
18742	40
18777	40
18817	10
18822	10
18894	10
18899	40
18918	40
18933	10
18940	40
18969	10
18995	10
19008	61
19018	40
19019	40
19056	40
19062	61
19078	40
19088	61
19105	61
19109	10
19134	10
19160	40
19173	61
19189	40
19211	61
19253	40
19284	61
19286	40
19301	40
19312	40
19387	61
19393	61
19411	10
19415	40
19435	40
19436	61
19479	40
19491	61
19494	40
19531	40
19539	61
19542	40
19549	40
19571	40
19572	61
19609	40
19614	61
19662	40
19696	10
19711	10
19786	40
19802	61
19814	10
19825	61
19845	40
19899	61
19917	10
19934	10
19950	10
19956	40
19986	40
19995	40
20013	40
20036	40
20077	40
20105	10
20131	40
20166	40
20211	40
20235	10
20238	10
20283	61
20291	40
20315	40
20322	61
20327	10
20350	61
20375	10
20379	61
20386	61
20412	61
20421	10
20428	61
20478	40
20488	40
20515	61
20519	40
20523	10
20537	40
20542	10
20546	40
20561	10
20571	40
20573	61
20603	61
590	241
734	241
1041	241
1451	241
1889	241
1995	241
3480	241
3934	241
4225	241
4414	241
4867	241
5050	241
5291	241
5337	241
7067	241
7372	241
8328	241
8520	241
8920	241
9091	241
9138	241
11159	241
11238	241
12968	241
13338	241
15244	241
15998	241
16596	241
18575	241
18965	241
183	363
254	363
557	322
736	363
1003	363
1005	363
1448	363
1890	363
1900	363
2163	363
2308	363
2341	363
2422	363
2632	363
2755	363
2948	363
3236	363
3376	363
3486	363
3839	363
4272	322
4475	363
4490	363
4575	363
5061	363
5120	363
5808	363
6542	363
6671	363
6796	363
6800	363
6838	363
7237	363
7399	363
7570	363
7612	363
7913	363
8202	363
8535	363
8728	363
8966	363
9262	363
9617	363
9903	363
9922	363
10419	322
10455	363
10514	363
10818	363
10886	363
11272	363
11888	363
12294	322
12360	363
12401	363
12449	363
12595	363
12622	363
12907	363
12937	363
13325	363
13390	363
13391	363
13679	363
13776	363
13861	363
13866	363
13878	363
13890	322
14291	363
14610	363
14834	363
14892	363
14893	363
15009	363
15479	363
15530	363
15540	363
15570	363
16180	363
16412	363
16493	363
16511	363
16514	363
16839	363
16976	363
17297	363
17589	363
17725	363
18485	363
18532	363
18728	363
19114	363
19477	363
19597	363
19921	322
20224	363
20363	363
20596	363
24	36
120	2
140	36
191	36
280	36
294	2
298	36
431	36
460	2
608	2
703	2
710	2
758	2
794	2
988	36
1106	2
1147	2
1223	2
1236	2
1348	2
1350	2
1363	2
1528	36
1546	2
1566	2
1630	2
1643	2
1753	2
1919	2
1959	2
1967	2
2073	2
2087	2
2371	36
2387	2
2421	2
2473	2
2478	2
2655	2
2714	2
2739	2
2768	2
2778	2
2842	2
2872	2
3025	2
3080	2
3193	2
3195	2
3263	2
3302	2
3319	2
3504	2
3534	2
3625	2
3764	2
3823	36
3871	2
3882	2
3929	2
3946	2
3948	2
3972	36
4080	36
4161	2
4170	2
4228	36
4240	2
4253	2
4301	2
4797	36
4921	2
4976	2
5012	2
5173	2
5192	2
5229	2
5233	2
5236	36
5271	2
5283	36
5287	2
5312	2
5313	2
5318	2
5323	2
5341	2
5396	2
5415	36
5426	36
5454	36
5506	2
5557	36
5559	2
5614	2
5652	2
5653	2
5753	36
5833	2
5848	2
5870	2
5914	2
5925	2
6008	2
6015	2
6032	2
6033	2
6131	2
6158	2
6168	2
6189	2
6195	2
6278	2
6282	2
6289	36
6300	2
6310	2
6358	36
6492	36
6581	2
6593	2
6683	2
6700	2
6716	2
6742	2
6788	2
6823	2
6848	2
6859	2
6863	36
6864	2
6973	36
6997	36
7017	36
7076	36
7082	36
7100	36
7176	36
7182	2
7281	2
7352	2
7360	2
7366	36
7378	2
7438	2
7482	36
7514	36
7549	36
7560	36
7578	2
7667	2
7743	2
7769	2
7786	2
7808	2
7981	2
8049	2
8144	2
8251	2
8255	2
8291	2
8470	2
8476	36
8538	2
8612	2
8635	36
8636	2
8643	2
8794	2
8806	36
8918	2
8947	2
9029	2
9061	2
9239	2
9261	2
9349	36
9398	2
9470	2
9514	2
9630	2
9634	36
9680	2
9687	2
9710	2
9811	36
9819	36
9876	36
10023	36
10087	2
10183	2
10188	2
10264	2
10327	2
10389	2
10467	2
10482	2
10511	2
10539	2
10554	2
10565	2
10616	2
10762	2
10891	2
10941	36
10951	36
10998	2
11011	2
11014	2
11127	36
11198	2
11207	2
11259	2
11321	2
11347	36
11416	2
11499	2
11551	2
11612	2
11614	2
11734	2
11808	2
11841	2
11864	2
11865	2
11884	36
12036	36
12083	2
12146	2
12303	36
12322	2
12323	36
12343	2
12348	2
12402	2
12479	2
12507	36
12613	2
12633	2
12681	2
12743	2
12758	2
12790	2
12872	2
12883	2
12915	2
12938	2
12951	36
12969	36
12971	2
13086	2
13131	36
13179	2
13417	36
13506	36
13639	2
13734	2
13795	2
13830	36
13868	2
13879	2
13977	36
14064	2
14143	2
14157	2
14168	36
14181	2
14198	2
14217	36
14265	2
14338	36
14355	2
14371	36
14494	2
14559	2
14574	36
14609	2
14776	36
14829	2
14872	2
14874	2
14952	2
15092	2
15106	2
15112	36
15119	2
15158	2
15204	36
15253	2
15284	36
15300	2
15484	2
15601	2
15669	36
15719	2
15728	2
15732	36
15797	2
15804	36
15820	2
15826	2
15863	2
15868	2
15937	2
16015	2
16043	36
16094	2
16184	2
16185	2
16329	2
16429	36
16552	2
16591	2
16705	36
16738	2
16749	2
16826	2
16937	2
16941	2
16944	36
16945	2
17027	2
17077	2
17094	2
17128	2
17247	2
17295	2
17361	2
17522	2
17555	36
17707	2
17913	2
17961	36
17962	2
18041	2
18053	2
18084	2
18182	2
18217	2
18379	2
18400	2
18441	2
18444	2
18475	2
18478	2
18522	2
18602	36
18689	2
18770	2
18834	2
18882	36
18914	2
18936	2
18941	2
18978	2
19080	2
19097	2
19126	2
19247	2
19256	2
19293	2
19305	36
19391	2
19483	2
19570	2
19582	2
19603	2
19605	2
19633	36
19716	36
19803	36
19849	2
19875	2
19903	36
19906	2
19997	36
20094	2
20109	2
20140	36
20144	2
20162	2
20207	36
20264	2
20279	36
20310	2
20417	36
20429	2
20439	2
20486	2
20567	2
20577	2
20583	36
47	18
49	11
98	18
123	11
198	11
232	18
251	11
413	18
451	11
456	18
516	18
586	11
598	18
602	18
652	18
757	11
863	18
1009	18
1026	18
1049	11
1068	11
1075	11
1102	18
1148	11
1169	18
1188	11
1198	18
1235	18
1237	11
1251	11
1270	11
1276	18
1377	18
1405	11
1473	11
1542	11
1577	11
1611	11
1625	11
1688	11
1690	18
1692	11
1746	18
1798	18
1858	11
1960	11
1979	11
1991	18
2032	11
2064	18
2074	11
2143	11
2165	11
2199	11
2201	11
2223	11
2261	18
2266	11
2290	11
2298	11
2416	11
2417	18
2426	11
2447	18
2468	18
2526	18
2621	18
2623	18
2661	11
2682	18
2685	11
2724	18
2742	18
2776	11
2818	11
2823	18
2895	11
2904	11
2914	18
2937	18
3019	11
3022	11
3028	11
3040	11
3062	11
3094	11
3103	18
3115	11
3185	11
3197	18
3245	11
3253	18
3260	18
3274	11
3295	11
3296	18
3321	18
3323	11
3329	11
3342	11
3347	11
3366	11
3381	11
3404	11
3448	18
3453	11
3482	11
3536	11
3539	11
3569	18
3647	18
3649	18
3683	18
3712	11
3730	18
3744	18
3766	18
3776	11
3818	11
3847	11
3856	11
3886	11
3887	11
3925	18
3990	11
3993	18
4045	11
4062	18
4119	18
4143	18
4169	11
4197	11
4258	18
4265	11
4360	11
4361	11
4362	11
4379	11
4386	18
4428	11
4435	18
4535	18
4541	18
4586	18
4619	11
4623	11
4631	18
4639	11
4649	11
4656	11
4658	18
4659	18
4751	18
4774	18
4776	11
4781	18
4873	11
4885	18
4913	11
4919	11
5031	11
5051	11
5095	11
5186	11
5239	11
5255	11
5260	18
5298	18
5299	18
5303	18
5369	11
5477	11
5519	18
5523	11
5546	11
5555	18
5565	11
5634	18
5639	11
5708	11
5744	18
5778	18
5793	11
5801	18
5819	18
5823	18
5919	11
5939	18
5942	18
6040	11
6047	11
6117	11
6123	18
6155	18
6166	11
6169	11
6194	11
6199	18
6287	18
6293	18
6341	11
6448	18
6458	18
6477	11
6494	18
6518	18
6529	11
6549	11
6563	11
6569	11
6579	11
6604	18
6608	18
6655	18
6688	11
6721	11
6724	18
6727	11
6779	11
6801	18
6809	18
6820	11
6821	11
6851	11
6854	11
6888	11
6889	11
6906	18
6928	11
6964	11
6996	18
7003	18
7028	11
7056	11
7079	11
7154	11
7173	18
7190	11
7218	18
7241	11
7306	11
7326	11
7351	18
7408	18
7477	11
7503	11
7524	11
7535	11
7540	18
7571	18
7579	11
7633	11
7640	18
7654	11
7670	18
7680	18
7708	11
7729	18
7744	11
7765	11
7783	11
7789	18
7834	11
7855	11
7889	18
7929	18
7973	11
7999	11
8013	11
8025	11
8047	11
8110	11
8115	18
8154	11
8165	11
8212	18
8321	18
8345	11
8356	18
8358	18
8365	11
8366	11
8370	18
8396	18
8440	11
8444	11
8489	11
8518	11
8529	18
8539	18
8569	11
8577	11
8654	11
8663	11
8670	18
8713	18
8718	18
8719	18
8788	11
8792	18
8805	11
8832	18
8915	11
8954	18
8960	11
9013	18
9171	11
9260	11
9290	11
9334	11
9391	11
9401	11
9423	18
9438	11
9447	11
9469	18
9506	11
9556	18
9563	11
9566	11
9572	18
9636	11
9645	11
9671	11
9693	18
9713	18
9724	18
9741	11
9743	11
9778	18
9780	18
9790	11
9792	11
9806	11
9870	18
9897	18
9917	11
9959	11
10025	11
10090	18
10163	18
10167	11
10214	11
10220	18
10359	11
10393	11
10421	11
10426	11
10452	18
10471	11
10479	11
10481	18
10516	18
10521	11
10547	18
10548	11
10659	18
10667	11
10735	11
10750	18
10760	11
10795	11
10806	11
10839	18
10841	11
10882	18
10911	18
10923	18
10926	11
10938	11
10946	18
10968	18
10980	18
11023	11
11040	11
11171	11
11180	11
11187	11
11206	11
11232	18
11282	11
11390	11
11397	18
11425	18
11494	11
11514	18
11518	18
11591	18
11645	18
11649	11
11655	11
11662	11
11688	11
11711	11
11728	11
11735	11
11748	11
11929	18
11951	11
11964	11
12033	18
12051	11
12140	11
12160	18
12182	11
12263	11
12307	11
12326	11
12328	11
12349	11
12356	11
12362	11
12390	11
12460	18
12503	11
12525	11
12599	18
12641	18
12738	11
12761	11
12767	11
12807	18
12860	11
12899	11
12909	18
12927	11
12942	18
12957	18
13051	18
13059	18
13094	18
13097	11
13100	18
13106	18
13153	11
13185	18
13189	11
13304	18
13331	11
13358	11
13387	18
13408	11
13411	11
13517	18
13518	18
13539	11
13561	11
13581	11
13674	11
13712	11
13791	11
13815	11
13908	18
13978	11
14027	18
14068	11
14091	18
14094	11
14101	11
14124	11
14135	18
14161	11
14191	18
14210	11
14284	11
14290	18
14306	11
14307	11
14322	18
14324	11
14336	18
14379	11
14418	11
14441	11
14495	11
14507	18
14512	18
14517	11
14566	18
14588	11
14607	18
14634	11
14653	11
14666	11
14672	11
14692	11
14707	18
14742	18
14787	18
14791	11
14799	18
14810	11
14813	18
14943	11
14949	11
14975	18
14991	18
15010	11
15020	11
15024	11
15056	18
15101	11
15228	11
15238	18
15280	11
15301	11
15346	11
15351	18
15357	18
15428	11
15488	18
15491	11
15573	11
15743	11
15769	18
15775	11
15782	18
15803	11
15875	11
15885	18
15916	18
15929	11
15965	18
15974	18
15990	11
16026	18
16070	11
16081	18
16199	18
16207	11
16259	11
16261	11
16331	11
16372	11
16421	11
16426	11
16436	18
16459	18
16464	11
16475	11
16510	11
16512	11
16515	11
16517	11
16518	18
16624	18
16634	11
16737	18
16742	11
16779	11
16848	18
16896	18
16913	18
16928	11
16934	11
16952	11
16963	11
16972	11
17039	18
17053	11
17067	11
17145	11
17167	18
17171	11
17180	11
17222	11
17246	11
17251	18
17326	11
17348	18
17350	11
17386	18
17428	11
17432	11
17465	11
17466	18
17476	18
17523	11
17529	11
17551	11
17575	11
17593	18
17695	11
17704	18
17733	11
17736	18
17744	18
17794	11
17866	11
17973	11
18088	11
18095	11
18118	11
18204	18
18241	18
18292	11
18315	11
18318	11
18335	11
18346	18
18358	18
18374	11
18380	18
18438	18
18447	18
18505	18
18658	11
18715	11
18779	11
18781	18
18829	11
18844	11
18871	11
18874	18
18881	11
18935	11
19020	11
19028	18
19061	11
19135	11
19158	11
19243	18
19274	11
19279	18
19317	11
19324	11
19331	18
19346	18
19352	11
19416	11
19424	11
19440	18
19460	11
19550	11
19607	11
19622	11
19676	18
19761	18
19768	11
19843	11
19858	11
19866	11
19897	11
19905	18
19916	11
19949	18
19963	11
19984	11
20090	18
20097	11
20130	11
20132	11
20154	18
20208	11
20240	18
20266	11
20311	11
20390	11
20443	11
20482	11
20578	11
